4
5
6
8
11
13
15
16
18
19
24
25
26
27
29
30
30
37
40
41
43
44
46
46
49
53
55
58
60
62
64
65
65
71
75
79
80
84
88
88
90
90
94
94
97
100
106
106
109
111
111
112
120
121
126
126
126
128
129
129
130
130
133
137
137
138
143
144
144
146
150
153
155
158
158
158
159
163
170
170
171
174
175
176
179
180
181
181
181
186
187
189
191
192
202
203
210
211
213
215
216
218
220
221
225
226
227
227
228
230
232
232
235
238
244
248
249
249
250
250
250
255
257
260
260
261
261
262
264
268
274
274
277
279
280
280
281
283
283
285
296
299
301
302
305
312
314
316
317
322
325
325
326
329
330
332
339
341
344
344
351
353
354
354
356
357
357
361
365
365
369
371
371
373
374
375
376
376
377
377
378
379
379
381
383
387
387
388
392
395
395
395
396
404
405
405
406
409
410
411
412
414
415
416
422
425
428
428
430
431
432
439
440
445
445
445
446
447
452
454
456
457
458
461
461
464
465
465
467
467
468
469
470
474
476
482
482
483
484
488
494
495
499
501
502
511
515
516
517
520
522
522
523
524
524
527
532
532
535
538
541
548
558
558
559
559
561
562
564
564
567
569
575
578
581
585
588
595
600
600
606
611
615
616
618
619
620
621
630
632
635
636
643
645
647
650
652
652
656
657
658
658
664
665
669
669
669
673
675
675
678
683
687
692
692
694
695
695
696
697
698
701
701
702
703
705
709
711
712
714
715
715
717
718
719
719
720
723
729
729
731
737
738
741
743
744
746
746
747
750
752
753
756
757
759
759
759
762
762
763
765
766
769
770
771
774
774
775
777
777
782
785
785
788
790
791
792
794
794
798
798
801
807
812
815
816
819
819
820
820
824
827
839
839
840
841
842
843
848
851
854
856
858
858
869
869
869
870
871
873
873
875
876
877
878
884
884
888
888
893
902
903
905
905
905
905
909
911
915
915
916
922
924
924
925
932
935
936
943
954
958
967
967
967
968
969
970
972
975
979
979
980
981
984
986
988
990
991
994
995
997
998
1002
1005
1005
1006
1006
1007
1007
1008
1011
1016
1020
1021
1023
1025
1026
1030
1035
1035
1037
1041
1042
1042
1042
1043
1044
1045
1050
1054
1057
1058
1059
1060
1063
1063
1064
1066
1068
1071
1077
1077
1078
1080
1084
1084
1084
1085
1090
1090
1092
1095
1096
1097
1099
1100
1103
1105
1108
1111
1125
1126
1126
1128
1132
1135
1140
1143
1145
1145
1146
1146
1148
1148
1151
1151
1154
1154
1154
1155
1158
1160
1174
1174
1176
1176
1177
1179
1183
1184
1186
1190
1191
1192
1192
1196
1197
1197
1197
1198
1202
1202
1203
1205
1206
1207
1210
1214
1214
1215
1215
1215
1217
1217
1218
1221
1225
1225
1228
1229
1230
1232
1234
1235
1236
1243
1247
1251
1252
1253
1254
1261
1268
1269
1269
1276
1284
1285
1286
1288
1289
1289
1292
1293
1297
1297
1297
1297
1299
1304
1306
1309
1315
1318
1319
1320
1322
1328
1331
1331
1333
1334
1334
1334
1335
1335
1337
1337
1338
1339
1344
1347
1347
1347
1347
1352
1354
1355
1356
1357
1357
1358
1358
1359
1360
1361
1364
1368
1368
1369
1371
1373
1374
1374
1374
1375
1377
1377
1379
1379
1380
1380
1382
1384
1389
1393
1395
1403
1404
1404
1405
1407
1407
1407
1407
1410
1413
1421
1422
1423
1423
1425
1430
1432
1432
1435
1440
1441
1443
1445
1445
1446
1449
1449
1450
1450
1450
1454
1458
1465
1466
1467
1468
1477
1478
1478
1480
1480
1481
1482
1482
1483
1485
1486
1486
1487
1488
1488
1490
1490
1491
1496
1496
1498
1502
1503
1504
1507
1510
1510
1511
1511
1517
1519
1520
1521
1523
1523
1524
1525
1529
1529
1531
1535
1536
1537
1537
1540
1540
1542
1543
1544
1545
1545
1546
1546
1546
1547
1551
1552
1556
1557
1558
1560
1560
1561
1562
1568
1569
1574
1575
1577
1579
1579
1580
1583
1591
1593
1597
1598
1600
1602
1604
1605
1605
1609
1610
1610
1611
1611
1616
1618
1619
1622
1623
1625
1629
1631
1639
1641
1642
1642
1645
1649
1650
1652
1654
1656
1660
1660
1661
1662
1663
1664
1665
1666
1669
1671
1672
1674
1674
1675
1675
1679
1681
1684
1689
1693
1696
1698
1699
1700
1701
1702
1704
1704
1706
1708
1708
1713
1716
1717
1718
1718
1719
1719
1723
1725
1726
1727
1731
1734
1734
1734
1740
1742
1744
1746
1748
1749
1749
1751
1754
1759
1759
1760
1764
1764
1767
1767
1769
1769
1770
1771
1771
1772
1774
1779
1782
1784
1785
1786
1787
1790
1793
1793
1801
1803
1804
1805
1807
1807
1809
1809
1812
1814
1815
1817
1819
1819
1820
1820
1820
1822
1823
1825
1825
1826
1827
1831
1837
1838
1838
1841
1843
1850
1850
1851
1853
1853
1857
1858
1860
1864
1868
1868
1871
1874
1875
1876
1877
1878
1882
1883
1883
1884
1885
1886
188