1889
1805
658
769
606
909
1289
210
1151
1511
1831
968
632
711
55
1304
712
731
353
541
1090
1247
470
379
1045
1814
1154
1319
1337
669
1684
1952
1909
1480
1787
1243
1759
344
1876
1558
431
1529
375
870
373
280
750
1268
619
1698
969
1875
341
138
709
643
1335
280
1723
792
1754
1969
873
482
1827
1878
1059
1151
924
812
1544
369
854
794
111
1561
873
1600
6
766
1064
1886
701
1639
1700
1809
1611
1772
771
1145
1908
1480
620
1085
1804
461
657
1892
1042
494
1221
1598
344
1807
155
600
1021
1547
27
1148
1769
1734
274
958
1727
1868
1269
1234
782
19
268
1286
381
1779
903
65
1749
1769
990
1649
905
980
559
1511
1545
1466
1542
893
1485
1100
788
65
1746
1623
1375
174
1206
1661
1357
1935
1192
1423
1111
1023
227
1934
1218
564
905
90
851
1251
558
377
244
790
1176
762
1413
261
326
376
1748
1681
1230
203
1540
757
405
729
858
88
412
1054
458
1481
1868
1535
1285
1610
248
979
1988
1395
250
1537
1507
1369
1380
585
998
445
249
1097
1609
816
1674
1430
1793
24
395
461
159
176
1232
763
839
1503
1918
762
922
1641
1477
1803
13
1347
388
354
1432
1693
696
171
1377
1820
1731
414
1838
1315
1445
1642
1807
439
1742
1261
1215
1786
820
1812
163
1486
698
4
1450
618
1662
1357
967
446
1084
262
428
1320
1998
100
1328
225
1084
339
445
819
925
1523
58
277
954
484
1898
216
588
227
527
575
192
1945
995
692
720
759
158
374
1446
1393
232
1183
1214
488
440
1642
1933
991
703
482
1368
1344
562
1174
1945
1174
1663
1179
1458
752
1857
858
1734
1853
1128
53
1105
636
1504
325
181
71
1373
1531
1292
875
1063
467
44
257
283
1597
1523
46
1207
848
1384
1820
746
1546
1095
979
916
695
1536
1374
1449
1360
1359
387
538
1297
1487
378
301
1297
1971
1030
1882
1071
112
1197
1135
1202
469
261
1334
1689
647
281
669
1284
1889
1957
1229
1202
1155
678
1995
1917
1425
1702
1108
1656
1719
986
111
1146
1744
1909
877
354
1937
1675
1435
1898
1843
1713
226
1276
41
1759
714
1078
1718
1253
1407
1529
1148
1099
143
1293
1035
1964
1645
409
90
1478
1482
1482
150
189
1944
737
1404
316
1347
215
523
1331
1358
1441
452
719
1877
1665
988
30
1938
467
1579
581
1997
645
1767
1583
1318
1972
30
1026
1809
365
232
744
1126
1851
1815
1976
1674
1403
1906
1192
1007
1817
1740
701
841
317
88
1980
1421
60
1540
1016
1903
1569
191
1299
970
1820
997
1374
186
1496
1521
994
1210
1708
1593
26
1850
1011
356
535
561
387
1574
181
905
1066
743
1002
1885
49
1605
1749
824
1215
840
1557
1660
516
1007
1853
406
532
1006
1510
296
747
1491
1132
723
62
130
410
1704
1005
456
1517
1994
11
395
1904
1077
1995
1488
137
1891
1771
170
1995
869
37
365
1335
5
502
130
29
1380
64
1884
158
1575
1610
279
1823
1919
1196
46
1819
759
1322
1562
1650
121
1103
777
411
1044
869
1619
524
578
1496
264
687
1696
794
405
1203
876
428
137
1930
126
238
329
1467
1717
1664
218
695
1726
351
1236
1546
474
715
1214
902
1725
1718
984
511
445
1361
1579
80
1347
1591
128
1125
791
843
943
332
1186
1631
1524
1883
774
1309
694
1379
652
924
798
228
260
717
213
981
1580
1502
1478
1158
1443
1625
1486
765
658
250
120
126
1537
1092
1904
884
1407
905
361
842
1191
1331
129
416
1025
1605
1858
1520
564
1352
1819
630
1379
1146
1545
1288
1364
1785
888
1560
146
759
1225
524
1190
569
1841
1560
1020
1913
820
1355
357
1371
1790
249
1374
1063
133
1838
1767
1965
202
1306
430
1490
746
392
1546
616
1519
1622
18
801
697
432
106
1604
1225
457
1764
299
501
650
532
465
274
8
1356
1297
1913
302
1652
1050
1793
181
558
1919
94
1699
1822
1450
15
404
395
1198
1338
1556
675
1358
144
1770
1837
1675
75
1468
1465
1552
774
1965
1217
738
1035
250
702
1217
1969
967
1008
517
1874
187
1510
1525
635
314
285
97
255
1334
1126
718
1333
1998
1154
144
465
1976
975
325
715
1006
1145
129
483
1084
415
1764
1701
1177
1228
371
548
158
1483
1956
260
312
1041
1760
1184
1368
1297
1440
839
499
1405
1037
1096
559
753
1992
1991
683
1801
869
1042
1382
1042
1551
1899
520
396
1077
106
756
170
1176
515
1197
1883
153
936
1215
1140
1347
1708
1704
1289
1984
1679
1377
669
1143
425
1235
379
1864
357
615
915
878
1269
1490
1860
665
972
220
1334
84
330
230
522
1898
675
600
1057
777
1543
454
1160
1337
94
1058
1871
522
1850
1252
652
871
377
305
819
1900
283
1005
884
1445
1354
476
376
1488
371
1205
1654
1450
856
770
468
1825
179
1602
322
1903
1454
1577
785
211
1618
1339
815
1719
1568
464
1706
25
1410
621
1616
1669
1716
1611
1422
1068
79
1671
967
888
1404
422
1666
1080
785
827
692
775
1982
915
447
705
221
673
1826
16
1660
656
1920
1906
1498
1629
40
235
1154
798
109
567
180
1254
1825
1782
611
1897
807
1197
1672
1734
935
741
1771
932
43
495
175
911
1449
1043
1784
1407
1407
1423
1751
1060
1389
1774
383
1432
1926
1986
719
126
595
729
1090
664
