2
3
4
8
10
11
12
13
14
15
18
19
27
31
32
33
33
33
34
36
37
37
38
42
44
44
45
47
50
52
53
57
57
58
59
62
63
63
64
66
67
68
68
70
71
73
74
81
83
86
88
89
90
95
101
104
105
114
114
115
116
118
121
122
122
122
123
123
123
124
126
126
126
127
128
129
131
132
137
139
139
141
141
142
143
144
146
147
148
151
152
156
157
160
166
167
170
170
176
177
180
181
182
184
185
188
190
190
191
194
194
196
197
199
200
203
206
213
213
213
214
218
219
225
225
228
237
238
242
243
246
247
248
248
251
252
256
257
259
262
263
266
267
267
267
270
271
272
272
276
279
281
281
281
289
290
292
295
295
299
301
301
303
304
305
309
309
311
311
313
316
317
317
317
319
323
326
327
330
331
334
338
339
340
344
345
348
351
355
355
360
362
364
369
370
374
379
381
381
384
385
385
387
387
388
390
391
391
393
393
393
402
404
405
405
408
408
412
412
416
418
419
419
421
426
430
432
433
433
433
435
436
438
439
441
441
443
446
447
450
450
454
457
459
459
459
462
465
466
468
471
473
474
476
482
485
491
491
495
497
498
500
501
502
503
503
506
506
510
510
511
511
511
512
513
514
515
518
520
520
521
522
523
524
524
526
527
534
536
536
536
537
537
548
555
557
559
562
563
568
572
573
573
578
578
581
582
587
587
590
592
594
596
599
600
602
604
606
606
610
613
614
617
618
620
620
620
622
622
624
624
626
627
630
631
636
639
639
639
640
640
641
646
646
648
649
649
654
656
659
660
662
662
663
664
664
664
665
666
668
672
673
678
682
682
682
683
684
686
690
696
697
698
699
699
700
701
702
702
703
705
705
707
709
712
712
712
713
717
720
721
724
725
728
729
729
731
734
735
735
736
736
737
737
739
740
741
741
743
745
745
747
748
749
749
750
758
760
762
762
763
763
764
766
769
771
779
780
785
789
794
800
803
804
805
806
806
808
808
809
812
814
814
815
815
823
823
827
827
830
832
833
833
833
837
841
841
845
845
846
848
849
849
851
853
854
854
855
860
864
865
865
871
876
876
877
878
882
884
885
886
889
889
891
892
895
895
895
900
901
901
901
905
908
909
909
910
919
920
921
922
922
922
922
923
926
927
930
930
933
933
936
937
941
945
945
945
946
947
952
953
953
955
956
960
966
966
968
968
971
972
974
978
980
980
980
984
984
993
996
997
998
1000
1001
1002
1003
1014
1015
1018
1022
1023
1026
1027
1027
1029
1032
1032
1033
1034
1034
1035
1039
1040
1042
1051
1055
1061
1065
1065
1073
1075
1076
1079
1079
1080
1080
1085
1089
1091
1092
1098
1098
1101
1106
1109
1109
1110
1111
1112
1113
1117
1118
1122
1124
1124
1124
1125
1128
1128
1129
1130
1130
1137
1138
1144
1146
1148
1151
1155
1156
1157
1160
1161
1162
1167
1167
1168
1171
1171
1173
1174
1181
1183
1185
1187
1188
1189
1191
1191
1192
1196
1197
1198
1209
1209
1213
1215
1216
1216
1222
1230
1230
1238
1240
1240
1242
1243
1244
1255
1256
1263
1266
1266
1268
1269
1269
1272
1274
1275
1277
1277
1278
1281
1283
1284
1285
1289
1294
1295
1296
1297
1298
1298
1298
1301
1302
1304
1305
1306
1312
1314
1314
1315
1315
1321
1321
1321
1322
1324
1325
1325
1325
1329
1330
1331
1331
1333
1336
1338
1338
1343
1351
1353
1355
1356
1358
1359
1360
1364
1365
1367
1373
1376
1381
1385
1387
1389
1389
1394
1396
1396
1396
1402
1403
1404
1407
1412
1422
1424
1426
1427
1428
1428
1438
1441
1442
1442
1443
1445
1447
1448
1449
1452
1454
1454
1454
1462
1462
1463
1464
1467
1467
1471
1473
1474
1477
1478
1479
1480
1480
1481
1483
1486
1487
1489
1495
1497
1499
1500
1504
1504
1505
1506
1506
1507
1511
1512
1513
1513
1516
1518
1520
1522
1523
1526
1527
1527
1527
1529
1530
1533
1536
1536
1537
1540
1542
1548
1549
1555
1557
1560
1565
1566
1567
1574
1576
1581
1585
1588
1589
1590
1590
1590
1605
1606
1607
1612
1613
1613
1619
1620
1621
1621
1622
1626
1627
1628
1630
1630
1633
1636
1640
1640
1641
1641
1644
1645
1646
1647
1651
1656
1656
1660
1661
1663
1663
1668
1668
1670
1670
1672
1673
1675
1675
1678
1682
1687
1692
1698
1699
1703
1708
1711
1712
1715
1717
1718
1721
1721
1724
1729
1733
1734
1738
1740
1743
1747
1748
1750
1754
1758
1758
1759
1759
1761
1764
1766
1769
1771
1771
1772
1773
1774
1779
1780
1783
1783
1786
1789
1789
1790
1790
1795
1798
1800
1800
1803
1805
1806
1813
1814
1818
1820
1823
1825
1825
1825
1827
1832
1833
1834
1834
1836
1840
1842
1842
1842
1845
1846
1846
1847
1848
1849
1851
1852
1854
1856
1862
1867
1867
1871
1874
1875
1883
1884
1884
1887
1890
1892
1892
1894
1897
1900
1901
1903
1910
1910
1914
1915
1916
1917
1917
1920
1922
1923
1924
1926
1928
1931
1933
1938
1939
1939
1941
1945
1948
1950
1951
1952
1957
1959
1960
1961
1964
1966
1966
1968
1974
1975
1976
1976
1978
1980
1983
1984
1985
1990
1995
1996
1998
