832
1422
729
1167
1750
1034
1111
1846
74
419
1263
1565
1495
33
955
1656
945
89
225
1910
466
800
1698
1474
1022
1513
1846
289
213
199
1529
500
1240
1215
941
33
1467
809
331
947
1783
1798
141
37
177
1766
1668
1523
167
702
1321
1522
304
1426
295
33
1724
1255
146
237
1187
823
1633
1874
889
764
326
281
1091
922
190
137
1758
1278
128
668
659
1661
1297
1256
1845
323
122
1511
877
8
197
1813
921
909
309
213
664
95
1759
960
166
267
1148
1412
1441
1387
433
1244
513
1185
1764
1026
1298
1626
1373
63
1957
889
391
865
701
123
997
882
568
512
1360
182
614
1976
1473
1663
1518
1168
503
393
514
1884
1814
459
1890
878
998
1692
243
1171
515
1294
1536
246
256
1774
1703
895
259
44
1269
266
845
930
27
251
630
536
1712
101
1507
131
1124
980
1549
73
1075
1931
974
1823
1124
1305
639
1396
1996
67
646
369
1721
1699
1959
624
909
459
1124
248
1039
885
432
1640
248
462
1980
143
1663
385
170
557
696
184
699
1772
1920
436
919
1964
1627
1449
933
1960
1605
262
815
14
141
884
1222
665
1856
1302
1033
190
1500
1333
1576
662
1325
497
1733
1612
1897
90
1672
1537
1000
188
703
473
1540
1160
620
1590
1951
471
36
1985
1647
1966
2
780
1162
1504
700
1394
1151
510
272
587
860
257
639
1130
1715
1321
64
1516
590
1277
1014
1952
181
750
1125
697
682
1442
238
1029
1298
1590
1015
1358
495
953
450
393
1389
279
387
491
1915
116
1613
1283
521
1489
1875
631
408
520
1396
370
953
50
599
412
379
4
712
1708
272
1243
1289
1269
1242
1281
636
762
871
1670
127
311
891
524
37
66
1137
1842
176
1192
1567
1607
622
779
194
646
405
446
355
38
15
1385
1566
678
219
673
827
344
42
1240
854
1113
1759
737
393
1085
1478
430
13
534
1275
537
1827
1520
142
664
622
510
1076
596
876
191
408
833
1656
741
745
213
305
1364
1238
794
1800
936
339
454
1848
1884
387
1109
1167
1975
433
1820
763
1477
1557
47
537
1555
52
317
1268
1445
364
663
705
926
1080
1651
340
1266
126
649
1295
482
736
892
1181
1687
815
737
124
1966
1428
901
1758
587
71
180
1183
699
1675
749
1312
922
1526
355
573
1675
1748
923
804
735
769
1901
1849
1783
526
281
741
666
865
849
740
1314
194
1301
18
1463
905
118
855
901
468
1641
1590
1376
1336
374
956
381
319
1506
1939
1892
1933
1389
1198
1527
1051
1974
62
1790
1438
518
1834
827
10
1998
728
225
338
1110
771
1630
68
1903
267
1128
311
474
447
152
1325
360
348
1359
910
848
1381
805
104
491
412
930
57
1065
1462
1950
1806
763
1367
1338
1645
731
44
1209
735
309
1825
31
1122
70
1216
578
1527
1910
465
1079
170
476
1917
1161
618
1923
122
1847
698
1840
1574
1002
441
316
1321
1548
1106
1109
506
594
317
1138
624
602
1023
1351
1682
34
1274
1833
1402
147
600
384
1780
1331
846
206
721
1721
610
196
511
895
734
823
1589
806
748
1668
1471
419
1404
1871
762
1032
1851
1315
139
1266
242
88
573
864
438
1428
402
57
536
1990
702
900
388
785
1983
121
627
1729
1867
200
1761
876
1285
1606
362
984
743
729
1621
749
1479
1530
68
1454
1480
522
1622
1646
457
1306
421
1533
271
758
966
572
32
620
1887
641
405
123
1448
1938
1505
1365
803
966
503
1454
686
1673
435
1786
511
1171
833
933
1304
1462
498
980
1272
562
1779
228
606
527
640
1790
952
123
841
980
345
1356
83
129
1948
115
1718
656
1144
1003
620
747
1098
485
247
1795
1738
1098
1315
426
144
1424
851
886
160
1277
760
276
327
712
502
563
833
1454
1442
1155
1089
705
984
1189
1743
1842
1836
270
1941
1032
1130
122
281
845
53
1854
808
416
837
920
506
1196
1968
672
1355
1443
330
433
501
58
1914
1644
1042
1092
707
1034
114
126
682
301
1588
581
945
1128
148
639
1995
1481
660
648
1754
418
617
523
649
1892
736
313
1834
301
1512
1403
1769
1883
1117
1486
1079
1188
139
1018
1740
682
1734
536
1331
1924
252
841
524
717
1447
849
1773
1852
303
1497
1027
520
443
814
299
1800
292
381
789
185
812
1061
11
662
1560
808
1343
1641
908
1073
684
81
1191
725
1640
1894
1789
1118
853
664
1630
1917
1581
1620
459
559
745
1324
720
1939
390
1353
1747
1146
1112
1191
830
1862
1156
640
1506
132
945
1230
814
946
1329
1717
1173
404
12
1174
1527
126
555
895
1480
391
203
1001
63
19
922
968
683
1330
334
45
1613
450
1065
1926
1961
214
1157
1499
972
351
806
1513
1230
1027
151
317
1928
1216
1825
1621
592
218
1711
439
1660
156
578
1487
1209
1976
548
1483
613
1284
105
724
1338
86
1213
1314
968
1055
1922
1129
1585
690
1771
1035
1867
606
1040
1467
1504
712
1452
1396
739
626
267
1805
1636
1670
290
996
1803
1322
901
1945
922
1427
978
1842
3
511
654
1536
295
582
854
971
385
1542
1619
604
937
1080
1978
1900
1832
709
1984
713
1818
1407
1678
1298
766
927
1325
263
1789
1825
114
441
1628
1197
1464
993
59
1916
1101
157
1771
1296
